Material:
  Transparent: false
  AlbedoColor: [0.800000012, 0.800000012, 0.800000012]
  Emission: 0.200000003
  UseNormalMap: false
  Metalness: 0
  Roughness: 0.400000006
  AlbedoMap: 4909832731458669445
  NormalMap: 0
  MetalnessMap: 0
  RoughnessMap: 0
  MaterialFlags: 6