Material:
  Transparent: false
  AlbedoColor: [0.494035304, 0.654867291, 0.00579528837]
  Emission: 0.200000003
  UseNormalMap: false
  Metalness: 0
  Roughness: 0.400000006
  AlbedoMap: 0
  NormalMap: 0
  MetalnessMap: 0
  RoughnessMap: 0
  MaterialFlags: 6